"","Logistic Regression Accuracy","Random Forest Accuracy","SVM Accuracy","Gradient Boosting Accuracy","KNN Accuracy"
"1",0.259640102827764,0.16452442159383,0.239074550128535,0.185089974293059,0.334190231362468
"2",0.251928020565553,0.185089974293059,0.249357326478149,0.19280205655527,0.339331619537275
"3",0.277634961439589,0.213367609254499,0.298200514138817,0.210796915167095,0.372750642673522
"4",0.267352185089974,0.174807197943445,0.264781491002571,0.187660668380463,0.347043701799486
"5",0.282776349614396,0.182519280205656,0.303341902313625,0.203084832904884,0.334190231362468
"6",0.259640102827764,0.19280205655527,0.244215938303342,0.210796915167095,0.372750642673522
"7",0.272493573264782,0.182519280205656,0.259640102827764,0.203084832904884,0.375321336760925
"8",0.262210796915167,0.223650385604113,0.269922879177378,0.205655526992288,0.372750642673522
"9",0.298200514138817,0.187660668380463,0.287917737789203,0.208226221079691,0.352185089974293
"10",0.241645244215938,0.174807197943445,0.251928020565553,0.177377892030848,0.308483290488432
"11",0.290488431876607,0.197943444730077,0.282776349614396,0.190231362467866,0.349614395886889
"12",0.300771208226221,0.208226221079691,0.300771208226221,0.221079691516709,0.341902313624679
"13",0.308483290488432,0.19280205655527,0.300771208226221,0.203084832904884,0.339331619537275
"14",0.29305912596401,0.208226221079691,0.2853470437018,0.200514138817481,0.375321336760925
"15",0.305912596401028,0.203084832904884,0.290488431876607,0.223650385604113,0.367609254498715
"16",0.272493573264782,0.177377892030848,0.269922879177378,0.185089974293059,0.318766066838046
"17",0.298200514138817,0.208226221079691,0.280205655526992,0.221079691516709,0.334190231362468
"18",0.277634961439589,0.179948586118252,0.267352185089974,0.208226221079691,0.370179948586118
"19",0.277634961439589,0.19280205655527,0.259640102827764,0.205655526992288,0.365038560411311
"20",0.254498714652956,0.200514138817481,0.25706940874036,0.221079691516709,0.388174807197943
"21",0.290488431876607,0.19280205655527,0.269922879177378,0.174807197943445,0.388174807197943
"22",0.282776349614396,0.182519280205656,0.275064267352185,0.218508997429306,0.334190231362468
"23",0.251928020565553,0.203084832904884,0.254498714652956,0.205655526992288,0.416452442159383
"24",0.298200514138817,0.236503856041131,0.300771208226221,0.241645244215938,0.372750642673522
"25",0.290488431876607,0.231362467866324,0.280205655526992,0.208226221079691,0.326478149100257
"26",0.303341902313625,0.205655526992288,0.29305912596401,0.221079691516709,0.367609254498715
"27",0.295629820051414,0.187660668380463,0.287917737789203,0.200514138817481,0.377892030848329
"28",0.272493573264782,0.200514138817481,0.244215938303342,0.210796915167095,0.362467866323907
"29",0.347043701799486,0.226221079691517,0.305912596401028,0.226221079691517,0.38560411311054
"30",0.269922879177378,0.208226221079691,0.25706940874036,0.215938303341902,0.329048843187661
"31",0.280205655526992,0.218508997429306,0.287917737789203,0.195372750642674,0.367609254498715
"32",0.262210796915167,0.174807197943445,0.254498714652956,0.195372750642674,0.326478149100257
"33",0.280205655526992,0.213367609254499,0.277634961439589,0.223650385604113,0.349614395886889
"34",0.287917737789203,0.190231362467866,0.267352185089974,0.208226221079691,0.354755784061697
"35",0.282776349614396,0.203084832904884,0.264781491002571,0.223650385604113,0.352185089974293
"36",0.308483290488432,0.215938303341902,0.287917737789203,0.215938303341902,0.359897172236504
"37",0.272493573264782,0.200514138817481,0.254498714652956,0.215938303341902,0.313624678663239
"38",0.259640102827764,0.185089974293059,0.264781491002571,0.203084832904884,0.352185089974293
"39",0.316195372750643,0.203084832904884,0.303341902313625,0.197943444730077,0.341902313624679
"40",0.29305912596401,0.215938303341902,0.303341902313625,0.200514138817481,0.38560411311054
"41",0.262210796915167,0.22879177377892,0.262210796915167,0.223650385604113,0.365038560411311
"42",0.329048843187661,0.221079691516709,0.316195372750643,0.239074550128535,0.419023136246787
"43",0.2853470437018,0.15681233933162,0.269922879177378,0.185089974293059,0.32133676092545
"44",0.277634961439589,0.15681233933162,0.264781491002571,0.167095115681234,0.326478149100257
"45",0.287917737789203,0.213367609254499,0.2853470437018,0.195372750642674,0.380462724935733
"46",0.287917737789203,0.182519280205656,0.298200514138817,0.215938303341902,0.375321336760925
"47",0.303341902313625,0.221079691516709,0.313624678663239,0.223650385604113,0.354755784061697
"48",0.254498714652956,0.16452442159383,0.246786632390745,0.19280205655527,0.362467866323907
"49",0.305912596401028,0.218508997429306,0.29305912596401,0.22879177377892,0.362467866323907
"50",0.246786632390745,0.197943444730077,0.267352185089974,0.200514138817481,0.334190231362468
"51",0.280205655526992,0.213367609254499,0.295629820051414,0.218508997429306,0.390745501285347
"52",0.282776349614396,0.197943444730077,0.254498714652956,0.22879177377892,0.359897172236504
"53",0.259640102827764,0.187660668380463,0.231362467866324,0.19280205655527,0.347043701799486
"54",0.2853470437018,0.200514138817481,0.267352185089974,0.19280205655527,0.365038560411311
"55",0.298200514138817,0.203084832904884,0.282776349614396,0.233933161953727,0.349614395886889
"56",0.25706940874036,0.200514138817481,0.25706940874036,0.218508997429306,0.367609254498715
"57",0.249357326478149,0.146529562982005,0.25706940874036,0.177377892030848,0.313624678663239
"58",0.305912596401028,0.213367609254499,0.295629820051414,0.213367609254499,0.372750642673522
"59",0.269922879177378,0.190231362467866,0.259640102827764,0.210796915167095,0.383033419023136
"60",0.313624678663239,0.179948586118252,0.305912596401028,0.185089974293059,0.380462724935733
"61",0.280205655526992,0.210796915167095,0.25706940874036,0.215938303341902,0.375321336760925
"62",0.275064267352185,0.151670951156812,0.25706940874036,0.185089974293059,0.362467866323907
"63",0.300771208226221,0.221079691516709,0.290488431876607,0.208226221079691,0.339331619537275
"64",0.287917737789203,0.167095115681234,0.272493573264782,0.208226221079691,0.3573264781491
"65",0.282776349614396,0.177377892030848,0.295629820051414,0.195372750642674,0.367609254498715
"66",0.223650385604113,0.167095115681234,0.215938303341902,0.177377892030848,0.349614395886889
"67",0.2853470437018,0.221079691516709,0.275064267352185,0.203084832904884,0.316195372750643
"68",0.241645244215938,0.187660668380463,0.249357326478149,0.19280205655527,0.329048843187661
"69",0.298200514138817,0.233933161953727,0.298200514138817,0.233933161953727,0.359897172236504
"70",0.298200514138817,0.19280205655527,0.275064267352185,0.190231362467866,0.318766066838046
"71",0.246786632390745,0.151670951156812,0.236503856041131,0.200514138817481,0.318766066838046
"72",0.290488431876607,0.221079691516709,0.303341902313625,0.254498714652956,0.331619537275064
"73",0.298200514138817,0.182519280205656,0.29305912596401,0.167095115681234,0.329048843187661
"74",0.272493573264782,0.174807197943445,0.275064267352185,0.213367609254499,0.305912596401028
"75",0.29305912596401,0.19280205655527,0.2853470437018,0.19280205655527,0.3573264781491
"76",0.2853470437018,0.203084832904884,0.269922879177378,0.215938303341902,0.380462724935733
"77",0.264781491002571,0.226221079691517,0.267352185089974,0.208226221079691,0.341902313624679
"78",0.303341902313625,0.200514138817481,0.298200514138817,0.249357326478149,0.388174807197943
"79",0.22879177377892,0.167095115681234,0.215938303341902,0.161953727506427,0.318766066838046
"80",0.269922879177378,0.182519280205656,0.275064267352185,0.195372750642674,0.352185089974293
"81",0.254498714652956,0.174807197943445,0.246786632390745,0.19280205655527,0.331619537275064
"82",0.267352185089974,0.169665809768638,0.275064267352185,0.197943444730077,0.359897172236504
"83",0.290488431876607,0.210796915167095,0.282776349614396,0.239074550128535,0.3573264781491
"84",0.295629820051414,0.208226221079691,0.2853470437018,0.223650385604113,0.354755784061697
"85",0.267352185089974,0.218508997429306,0.267352185089974,0.246786632390745,0.341902313624679
"86",0.267352185089974,0.159383033419023,0.269922879177378,0.205655526992288,0.329048843187661
"87",0.29305912596401,0.205655526992288,0.2853470437018,0.223650385604113,0.359897172236504
"88",0.269922879177378,0.174807197943445,0.249357326478149,0.197943444730077,0.3573264781491
"89",0.233933161953727,0.169665809768638,0.236503856041131,0.19280205655527,0.316195372750643
"90",0.280205655526992,0.19280205655527,0.298200514138817,0.182519280205656,0.336760925449871
"91",0.254498714652956,0.167095115681234,0.280205655526992,0.218508997429306,0.354755784061697
"92",0.239074550128535,0.177377892030848,0.233933161953727,0.203084832904884,0.349614395886889
"93",0.300771208226221,0.187660668380463,0.277634961439589,0.187660668380463,0.349614395886889
"94",0.282776349614396,0.205655526992288,0.303341902313625,0.233933161953727,0.3573264781491
"95",0.287917737789203,0.205655526992288,0.29305912596401,0.239074550128535,0.388174807197943
"96",0.277634961439589,0.187660668380463,0.272493573264782,0.195372750642674,0.367609254498715
"97",0.249357326478149,0.172236503856041,0.241645244215938,0.154241645244216,0.334190231362468
"98",0.298200514138817,0.208226221079691,0.287917737789203,0.205655526992288,0.349614395886889
"99",0.300771208226221,0.208226221079691,0.303341902313625,0.22879177377892,0.362467866323907
"100",0.272493573264782,0.213367609254499,0.275064267352185,0.239074550128535,0.367609254498715
