"","Logistic Regression Accuracy","Random Forest Accuracy","SVM Accuracy","Gradient Boosting Accuracy","KNN Accuracy"
"1",0.2853470437018,0.179948586118252,0.275064267352185,0.185089974293059,0.398457583547558
"2",0.29305912596401,0.205655526992288,0.282776349614396,0.190231362467866,0.362467866323907
"3",0.254498714652956,0.169665809768638,0.249357326478149,0.19280205655527,0.362467866323907
"4",0.269922879177378,0.15681233933162,0.25706940874036,0.208226221079691,0.359897172236504
"5",0.300771208226221,0.187660668380463,0.303341902313625,0.215938303341902,0.347043701799486
"6",0.32133676092545,0.195372750642674,0.303341902313625,0.223650385604113,0.372750642673522
"7",0.2853470437018,0.195372750642674,0.272493573264782,0.208226221079691,0.3573264781491
"8",0.2853470437018,0.195372750642674,0.282776349614396,0.239074550128535,0.300771208226221
"9",0.313624678663239,0.213367609254499,0.298200514138817,0.251928020565553,0.375321336760925
"10",0.298200514138817,0.182519280205656,0.272493573264782,0.210796915167095,0.367609254498715
"11",0.316195372750643,0.236503856041131,0.298200514138817,0.233933161953727,0.375321336760925
"12",0.287917737789203,0.203084832904884,0.295629820051414,0.19280205655527,0.370179948586118
"13",0.32133676092545,0.19280205655527,0.316195372750643,0.236503856041131,0.403598971722365
"14",0.2853470437018,0.182519280205656,0.275064267352185,0.190231362467866,0.377892030848329
"15",0.269922879177378,0.177377892030848,0.264781491002571,0.210796915167095,0.372750642673522
"16",0.2853470437018,0.19280205655527,0.305912596401028,0.208226221079691,0.359897172236504
"17",0.269922879177378,0.187660668380463,0.269922879177378,0.203084832904884,0.308483290488432
"18",0.2853470437018,0.174807197943445,0.280205655526992,0.195372750642674,0.323907455012853
"19",0.267352185089974,0.174807197943445,0.264781491002571,0.203084832904884,0.372750642673522
"20",0.272493573264782,0.159383033419023,0.25706940874036,0.200514138817481,0.341902313624679
"21",0.300771208226221,0.185089974293059,0.295629820051414,0.208226221079691,0.390745501285347
"22",0.280205655526992,0.167095115681234,0.269922879177378,0.179948586118252,0.359897172236504
"23",0.275064267352185,0.179948586118252,0.25706940874036,0.195372750642674,0.367609254498715
"24",0.334190231362468,0.182519280205656,0.308483290488432,0.208226221079691,0.375321336760925
"25",0.313624678663239,0.19280205655527,0.305912596401028,0.208226221079691,0.331619537275064
"26",0.287917737789203,0.200514138817481,0.277634961439589,0.182519280205656,0.336760925449871
"27",0.32133676092545,0.215938303341902,0.311053984575835,0.249357326478149,0.375321336760925
"28",0.269922879177378,0.187660668380463,0.269922879177378,0.19280205655527,0.367609254498715
"29",0.246786632390745,0.161953727506427,0.236503856041131,0.182519280205656,0.375321336760925
"30",0.262210796915167,0.190231362467866,0.262210796915167,0.205655526992288,0.339331619537275
"31",0.269922879177378,0.172236503856041,0.25706940874036,0.213367609254499,0.339331619537275
"32",0.236503856041131,0.16452442159383,0.239074550128535,0.185089974293059,0.365038560411311
"33",0.303341902313625,0.197943444730077,0.282776349614396,0.208226221079691,0.388174807197943
"34",0.29305912596401,0.177377892030848,0.269922879177378,0.19280205655527,0.344473007712082
"35",0.290488431876607,0.205655526992288,0.275064267352185,0.218508997429306,0.341902313624679
"36",0.269922879177378,0.185089974293059,0.262210796915167,0.236503856041131,0.380462724935733
"37",0.29305912596401,0.215938303341902,0.2853470437018,0.22879177377892,0.344473007712082
"38",0.316195372750643,0.200514138817481,0.287917737789203,0.182519280205656,0.411311053984576
"39",0.308483290488432,0.210796915167095,0.290488431876607,0.251928020565553,0.359897172236504
"40",0.272493573264782,0.185089974293059,0.267352185089974,0.215938303341902,0.316195372750643
"41",0.233933161953727,0.159383033419023,0.221079691516709,0.187660668380463,0.349614395886889
"42",0.300771208226221,0.215938303341902,0.290488431876607,0.221079691516709,0.359897172236504
"43",0.280205655526992,0.182519280205656,0.267352185089974,0.197943444730077,0.375321336760925
"44",0.25706940874036,0.190231362467866,0.259640102827764,0.236503856041131,0.339331619537275
"45",0.32133676092545,0.19280205655527,0.295629820051414,0.221079691516709,0.398457583547558
"46",0.316195372750643,0.187660668380463,0.300771208226221,0.190231362467866,0.341902313624679
"47",0.29305912596401,0.169665809768638,0.290488431876607,0.205655526992288,0.359897172236504
"48",0.246786632390745,0.169665809768638,0.226221079691517,0.19280205655527,0.339331619537275
"49",0.251928020565553,0.169665809768638,0.254498714652956,0.208226221079691,0.349614395886889
"50",0.287917737789203,0.185089974293059,0.298200514138817,0.223650385604113,0.388174807197943
"51",0.326478149100257,0.185089974293059,0.300771208226221,0.203084832904884,0.362467866323907
"52",0.298200514138817,0.172236503856041,0.287917737789203,0.200514138817481,0.305912596401028
"53",0.295629820051414,0.197943444730077,0.2853470437018,0.221079691516709,0.365038560411311
"54",0.262210796915167,0.185089974293059,0.259640102827764,0.203084832904884,0.352185089974293
"55",0.277634961439589,0.177377892030848,0.272493573264782,0.205655526992288,0.334190231362468
"56",0.2853470437018,0.138817480719794,0.2853470437018,0.159383033419023,0.339331619537275
"57",0.269922879177378,0.174807197943445,0.259640102827764,0.185089974293059,0.336760925449871
"58",0.249357326478149,0.16452442159383,0.239074550128535,0.177377892030848,0.341902313624679
"59",0.277634961439589,0.174807197943445,0.25706940874036,0.182519280205656,0.362467866323907
"60",0.269922879177378,0.187660668380463,0.262210796915167,0.200514138817481,0.3573264781491
"61",0.295629820051414,0.205655526992288,0.277634961439589,0.210796915167095,0.362467866323907
"62",0.267352185089974,0.159383033419023,0.259640102827764,0.19280205655527,0.349614395886889
"63",0.272493573264782,0.190231362467866,0.269922879177378,0.215938303341902,0.326478149100257
"64",0.290488431876607,0.203084832904884,0.2853470437018,0.197943444730077,0.334190231362468
"65",0.29305912596401,0.172236503856041,0.2853470437018,0.172236503856041,0.352185089974293
"66",0.298200514138817,0.197943444730077,0.277634961439589,0.223650385604113,0.341902313624679
"67",0.290488431876607,0.226221079691517,0.275064267352185,0.213367609254499,0.336760925449871
"68",0.280205655526992,0.177377892030848,0.267352185089974,0.197943444730077,0.336760925449871
"69",0.262210796915167,0.154241645244216,0.251928020565553,0.182519280205656,0.326478149100257
"70",0.295629820051414,0.174807197943445,0.280205655526992,0.213367609254499,0.365038560411311
"71",0.254498714652956,0.190231362467866,0.246786632390745,0.203084832904884,0.326478149100257
"72",0.25706940874036,0.16452442159383,0.233933161953727,0.203084832904884,0.339331619537275
"73",0.29305912596401,0.197943444730077,0.280205655526992,0.233933161953727,0.377892030848329
"74",0.280205655526992,0.167095115681234,0.262210796915167,0.213367609254499,0.3573264781491
"75",0.287917737789203,0.185089974293059,0.287917737789203,0.236503856041131,0.349614395886889
"76",0.326478149100257,0.203084832904884,0.313624678663239,0.213367609254499,0.370179948586118
"77",0.282776349614396,0.16452442159383,0.2853470437018,0.200514138817481,0.362467866323907
"78",0.241645244215938,0.172236503856041,0.246786632390745,0.190231362467866,0.334190231362468
"79",0.287917737789203,0.19280205655527,0.282776349614396,0.187660668380463,0.349614395886889
"80",0.275064267352185,0.185089974293059,0.269922879177378,0.200514138817481,0.313624678663239
"81",0.295629820051414,0.154241645244216,0.267352185089974,0.187660668380463,0.365038560411311
"82",0.254498714652956,0.161953727506427,0.249357326478149,0.169665809768638,0.303341902313625
"83",0.290488431876607,0.177377892030848,0.29305912596401,0.19280205655527,0.377892030848329
"84",0.282776349614396,0.169665809768638,0.269922879177378,0.197943444730077,0.334190231362468
"85",0.277634961439589,0.177377892030848,0.272493573264782,0.190231362467866,0.388174807197943
"86",0.244215938303342,0.159383033419023,0.239074550128535,0.174807197943445,0.359897172236504
"87",0.29305912596401,0.179948586118252,0.275064267352185,0.203084832904884,0.3573264781491
"88",0.326478149100257,0.177377892030848,0.305912596401028,0.19280205655527,0.390745501285347
"89",0.267352185089974,0.149100257069409,0.254498714652956,0.174807197943445,0.334190231362468
"90",0.272493573264782,0.179948586118252,0.264781491002571,0.19280205655527,0.334190231362468
"91",0.336760925449871,0.233933161953727,0.331619537275064,0.269922879177378,0.38560411311054
"92",0.272493573264782,0.231362467866324,0.262210796915167,0.233933161953727,0.367609254498715
"93",0.267352185089974,0.200514138817481,0.251928020565553,0.169665809768638,0.359897172236504
"94",0.264781491002571,0.203084832904884,0.262210796915167,0.200514138817481,0.365038560411311
"95",0.25706940874036,0.136246786632391,0.241645244215938,0.185089974293059,0.359897172236504
"96",0.244215938303342,0.167095115681234,0.241645244215938,0.179948586118252,0.352185089974293
"97",0.25706940874036,0.167095115681234,0.246786632390745,0.174807197943445,0.331619537275064
"98",0.249357326478149,0.146529562982005,0.249357326478149,0.15681233933162,0.32133676092545
"99",0.305912596401028,0.182519280205656,0.303341902313625,0.221079691516709,0.377892030848329
"100",0.269922879177378,0.159383033419023,0.254498714652956,0.185089974293059,0.303341902313625
