"","Logistic Regression Accuracy","Random Forest Accuracy","SVM Accuracy","Gradient Boosting Accuracy","KNN Accuracy"
"1",0.275064267352185,0.19280205655527,0.2853470437018,0.210796915167095,0.3573264781491
"2",0.290488431876607,0.187660668380463,0.295629820051414,0.236503856041131,0.336760925449871
"3",0.305912596401028,0.19280205655527,0.316195372750643,0.187660668380463,0.347043701799486
"4",0.259640102827764,0.172236503856041,0.259640102827764,0.185089974293059,0.323907455012853
"5",0.277634961439589,0.190231362467866,0.290488431876607,0.208226221079691,0.352185089974293
"6",0.29305912596401,0.210796915167095,0.29305912596401,0.221079691516709,0.354755784061697
"7",0.311053984575835,0.197943444730077,0.300771208226221,0.218508997429306,0.362467866323907
"8",0.29305912596401,0.187660668380463,0.29305912596401,0.19280205655527,0.359897172236504
"9",0.275064267352185,0.141388174807198,0.251928020565553,0.200514138817481,0.323907455012853
"10",0.334190231362468,0.259640102827764,0.323907455012853,0.249357326478149,0.411311053984576
"11",0.313624678663239,0.187660668380463,0.305912596401028,0.208226221079691,0.336760925449871
"12",0.280205655526992,0.185089974293059,0.300771208226221,0.19280205655527,0.349614395886889
"13",0.290488431876607,0.161953727506427,0.303341902313625,0.182519280205656,0.359897172236504
"14",0.29305912596401,0.213367609254499,0.29305912596401,0.213367609254499,0.38560411311054
"15",0.29305912596401,0.19280205655527,0.29305912596401,0.205655526992288,0.336760925449871
"16",0.300771208226221,0.185089974293059,0.287917737789203,0.200514138817481,0.377892030848329
"17",0.290488431876607,0.208226221079691,0.275064267352185,0.210796915167095,0.347043701799486
"18",0.290488431876607,0.233933161953727,0.300771208226221,0.251928020565553,0.352185089974293
"19",0.344473007712082,0.226221079691517,0.336760925449871,0.246786632390745,0.398457583547558
"20",0.308483290488432,0.185089974293059,0.290488431876607,0.221079691516709,0.336760925449871
"21",0.259640102827764,0.16452442159383,0.244215938303342,0.19280205655527,0.334190231362468
"22",0.298200514138817,0.177377892030848,0.305912596401028,0.208226221079691,0.331619537275064
"23",0.280205655526992,0.174807197943445,0.275064267352185,0.210796915167095,0.316195372750643
"24",0.267352185089974,0.19280205655527,0.272493573264782,0.233933161953727,0.339331619537275
"25",0.329048843187661,0.203084832904884,0.311053984575835,0.236503856041131,0.359897172236504
"26",0.311053984575835,0.197943444730077,0.300771208226221,0.197943444730077,0.354755784061697
"27",0.264781491002571,0.169665809768638,0.277634961439589,0.174807197943445,0.323907455012853
"28",0.313624678663239,0.249357326478149,0.323907455012853,0.277634961439589,0.380462724935733
"29",0.295629820051414,0.195372750642674,0.32133676092545,0.218508997429306,0.370179948586118
"30",0.277634961439589,0.197943444730077,0.259640102827764,0.203084832904884,0.347043701799486
"31",0.298200514138817,0.161953727506427,0.311053984575835,0.200514138817481,0.380462724935733
"32",0.290488431876607,0.185089974293059,0.290488431876607,0.197943444730077,0.352185089974293
"33",0.295629820051414,0.185089974293059,0.316195372750643,0.215938303341902,0.354755784061697
"34",0.331619537275064,0.22879177377892,0.311053984575835,0.254498714652956,0.398457583547558
"35",0.290488431876607,0.200514138817481,0.280205655526992,0.205655526992288,0.347043701799486
"36",0.259640102827764,0.167095115681234,0.251928020565553,0.179948586118252,0.311053984575835
"37",0.259640102827764,0.172236503856041,0.249357326478149,0.177377892030848,0.32133676092545
"38",0.264781491002571,0.16452442159383,0.251928020565553,0.172236503856041,0.32133676092545
"39",0.277634961439589,0.172236503856041,0.282776349614396,0.215938303341902,0.336760925449871
"40",0.25706940874036,0.154241645244216,0.275064267352185,0.195372750642674,0.323907455012853
"41",0.277634961439589,0.179948586118252,0.280205655526992,0.213367609254499,0.344473007712082
"42",0.29305912596401,0.203084832904884,0.316195372750643,0.208226221079691,0.377892030848329
"43",0.282776349614396,0.187660668380463,0.272493573264782,0.208226221079691,0.3573264781491
"44",0.303341902313625,0.200514138817481,0.318766066838046,0.231362467866324,0.349614395886889
"45",0.341902313624679,0.218508997429306,0.318766066838046,0.254498714652956,0.398457583547558
"46",0.300771208226221,0.182519280205656,0.305912596401028,0.208226221079691,0.377892030848329
"47",0.303341902313625,0.197943444730077,0.32133676092545,0.215938303341902,0.334190231362468
"48",0.290488431876607,0.187660668380463,0.277634961439589,0.195372750642674,0.352185089974293
"49",0.298200514138817,0.213367609254499,0.295629820051414,0.223650385604113,0.365038560411311
"50",0.29305912596401,0.195372750642674,0.2853470437018,0.197943444730077,0.3573264781491
"51",0.272493573264782,0.205655526992288,0.287917737789203,0.195372750642674,0.336760925449871
"52",0.305912596401028,0.185089974293059,0.313624678663239,0.203084832904884,0.359897172236504
"53",0.269922879177378,0.195372750642674,0.269922879177378,0.172236503856041,0.362467866323907
"54",0.311053984575835,0.203084832904884,0.287917737789203,0.213367609254499,0.3573264781491
"55",0.290488431876607,0.203084832904884,0.282776349614396,0.182519280205656,0.38560411311054
"56",0.341902313624679,0.177377892030848,0.344473007712082,0.226221079691517,0.354755784061697
"57",0.323907455012853,0.236503856041131,0.308483290488432,0.249357326478149,0.365038560411311
"58",0.316195372750643,0.231362467866324,0.336760925449871,0.259640102827764,0.370179948586118
"59",0.290488431876607,0.213367609254499,0.280205655526992,0.22879177377892,0.339331619537275
"60",0.259640102827764,0.182519280205656,0.254498714652956,0.197943444730077,0.323907455012853
"61",0.287917737789203,0.174807197943445,0.300771208226221,0.185089974293059,0.298200514138817
"62",0.303341902313625,0.190231362467866,0.295629820051414,0.203084832904884,0.339331619537275
"63",0.303341902313625,0.172236503856041,0.313624678663239,0.190231362467866,0.365038560411311
"64",0.300771208226221,0.182519280205656,0.262210796915167,0.221079691516709,0.334190231362468
"65",0.295629820051414,0.203084832904884,0.269922879177378,0.223650385604113,0.370179948586118
"66",0.290488431876607,0.159383033419023,0.295629820051414,0.177377892030848,0.326478149100257
"67",0.259640102827764,0.154241645244216,0.244215938303342,0.197943444730077,0.323907455012853
"68",0.303341902313625,0.208226221079691,0.298200514138817,0.22879177377892,0.349614395886889
"69",0.272493573264782,0.19280205655527,0.259640102827764,0.197943444730077,0.375321336760925
"70",0.308483290488432,0.203084832904884,0.290488431876607,0.223650385604113,0.331619537275064
"71",0.25706940874036,0.187660668380463,0.246786632390745,0.190231362467866,0.347043701799486
"72",0.341902313624679,0.244215938303342,0.329048843187661,0.249357326478149,0.341902313624679
"73",0.282776349614396,0.223650385604113,0.287917737789203,0.218508997429306,0.401028277634961
"74",0.290488431876607,0.179948586118252,0.300771208226221,0.213367609254499,0.341902313624679
"75",0.29305912596401,0.177377892030848,0.2853470437018,0.210796915167095,0.352185089974293
"76",0.2853470437018,0.190231362467866,0.298200514138817,0.208226221079691,0.344473007712082
"77",0.311053984575835,0.22879177377892,0.303341902313625,0.218508997429306,0.341902313624679
"78",0.32133676092545,0.205655526992288,0.323907455012853,0.241645244215938,0.365038560411311
"79",0.308483290488432,0.203084832904884,0.316195372750643,0.213367609254499,0.347043701799486
"80",0.313624678663239,0.218508997429306,0.305912596401028,0.218508997429306,0.365038560411311
"81",0.295629820051414,0.19280205655527,0.287917737789203,0.223650385604113,0.359897172236504
"82",0.313624678663239,0.213367609254499,0.295629820051414,0.208226221079691,0.359897172236504
"83",0.287917737789203,0.185089974293059,0.295629820051414,0.218508997429306,0.349614395886889
"84",0.272493573264782,0.169665809768638,0.251928020565553,0.213367609254499,0.347043701799486
"85",0.311053984575835,0.197943444730077,0.308483290488432,0.223650385604113,0.372750642673522
"86",0.318766066838046,0.185089974293059,0.303341902313625,0.231362467866324,0.362467866323907
"87",0.341902313624679,0.251928020565553,0.331619537275064,0.25706940874036,0.395886889460154
"88",0.308483290488432,0.210796915167095,0.308483290488432,0.22879177377892,0.375321336760925
"89",0.25706940874036,0.187660668380463,0.264781491002571,0.223650385604113,0.3573264781491
"90",0.280205655526992,0.187660668380463,0.290488431876607,0.208226221079691,0.377892030848329
"91",0.267352185089974,0.179948586118252,0.25706940874036,0.221079691516709,0.352185089974293
"92",0.331619537275064,0.221079691516709,0.32133676092545,0.203084832904884,0.352185089974293
"93",0.326478149100257,0.208226221079691,0.313624678663239,0.22879177377892,0.375321336760925
"94",0.272493573264782,0.185089974293059,0.282776349614396,0.218508997429306,0.341902313624679
"95",0.287917737789203,0.187660668380463,0.300771208226221,0.200514138817481,0.344473007712082
"96",0.29305912596401,0.185089974293059,0.280205655526992,0.200514138817481,0.323907455012853
"97",0.303341902313625,0.185089974293059,0.303341902313625,0.221079691516709,0.341902313624679
"98",0.334190231362468,0.213367609254499,0.32133676092545,0.259640102827764,0.377892030848329
"99",0.318766066838046,0.223650385604113,0.300771208226221,0.215938303341902,0.32133676092545
"100",0.267352185089974,0.203084832904884,0.264781491002571,0.208226221079691,0.341902313624679
