"","Logistic Regression Accuracy","Random Forest Accuracy","SVM Accuracy","Gradient Boosting Accuracy","KNN Accuracy"
"1",0.246786632390745,0.16452442159383,0.244215938303342,0.187660668380463,0.349614395886889
"2",0.2853470437018,0.172236503856041,0.2853470437018,0.195372750642674,0.370179948586118
"3",0.277634961439589,0.200514138817481,0.280205655526992,0.218508997429306,0.370179948586118
"4",0.295629820051414,0.172236503856041,0.277634961439589,0.203084832904884,0.344473007712082
"5",0.318766066838046,0.215938303341902,0.308483290488432,0.22879177377892,0.375321336760925
"6",0.277634961439589,0.174807197943445,0.25706940874036,0.203084832904884,0.377892030848329
"7",0.251928020565553,0.185089974293059,0.246786632390745,0.182519280205656,0.316195372750643
"8",0.267352185089974,0.177377892030848,0.267352185089974,0.177377892030848,0.329048843187661
"9",0.29305912596401,0.226221079691517,0.2853470437018,0.195372750642674,0.365038560411311
"10",0.300771208226221,0.208226221079691,0.295629820051414,0.203084832904884,0.336760925449871
"11",0.311053984575835,0.185089974293059,0.287917737789203,0.208226221079691,0.370179948586118
"12",0.295629820051414,0.169665809768638,0.2853470437018,0.182519280205656,0.349614395886889
"13",0.277634961439589,0.174807197943445,0.264781491002571,0.210796915167095,0.336760925449871
"14",0.251928020565553,0.195372750642674,0.246786632390745,0.210796915167095,0.334190231362468
"15",0.282776349614396,0.16452442159383,0.267352185089974,0.200514138817481,0.349614395886889
"16",0.249357326478149,0.143958868894602,0.264781491002571,0.195372750642674,0.331619537275064
"17",0.311053984575835,0.200514138817481,0.305912596401028,0.213367609254499,0.331619537275064
"18",0.262210796915167,0.182519280205656,0.25706940874036,0.190231362467866,0.316195372750643
"19",0.282776349614396,0.169665809768638,0.267352185089974,0.200514138817481,0.352185089974293
"20",0.308483290488432,0.223650385604113,0.303341902313625,0.208226221079691,0.336760925449871
"21",0.254498714652956,0.16452442159383,0.249357326478149,0.200514138817481,0.336760925449871
"22",0.29305912596401,0.187660668380463,0.2853470437018,0.185089974293059,0.362467866323907
"23",0.280205655526992,0.15681233933162,0.272493573264782,0.16452442159383,0.367609254498715
"24",0.316195372750643,0.231362467866324,0.305912596401028,0.223650385604113,0.354755784061697
"25",0.298200514138817,0.226221079691517,0.282776349614396,0.236503856041131,0.365038560411311
"26",0.2853470437018,0.172236503856041,0.277634961439589,0.185089974293059,0.341902313624679
"27",0.267352185089974,0.195372750642674,0.267352185089974,0.215938303341902,0.334190231362468
"28",0.29305912596401,0.215938303341902,0.2853470437018,0.195372750642674,0.354755784061697
"29",0.29305912596401,0.187660668380463,0.2853470437018,0.221079691516709,0.311053984575835
"30",0.295629820051414,0.195372750642674,0.290488431876607,0.182519280205656,0.32133676092545
"31",0.233933161953727,0.172236503856041,0.231362467866324,0.179948586118252,0.336760925449871
"32",0.282776349614396,0.197943444730077,0.269922879177378,0.215938303341902,0.3573264781491
"33",0.305912596401028,0.203084832904884,0.300771208226221,0.226221079691517,0.372750642673522
"34",0.290488431876607,0.172236503856041,0.300771208226221,0.187660668380463,0.349614395886889
"35",0.29305912596401,0.205655526992288,0.298200514138817,0.22879177377892,0.347043701799486
"36",0.25706940874036,0.174807197943445,0.259640102827764,0.185089974293059,0.359897172236504
"37",0.275064267352185,0.19280205655527,0.280205655526992,0.218508997429306,0.331619537275064
"38",0.298200514138817,0.174807197943445,0.290488431876607,0.195372750642674,0.375321336760925
"39",0.329048843187661,0.197943444730077,0.298200514138817,0.233933161953727,0.408740359897172
"40",0.272493573264782,0.208226221079691,0.244215938303342,0.19280205655527,0.326478149100257
"41",0.2853470437018,0.200514138817481,0.280205655526992,0.226221079691517,0.395886889460154
"42",0.295629820051414,0.221079691516709,0.295629820051414,0.22879177377892,0.403598971722365
"43",0.326478149100257,0.195372750642674,0.311053984575835,0.246786632390745,0.388174807197943
"44",0.305912596401028,0.203084832904884,0.295629820051414,0.205655526992288,0.383033419023136
"45",0.29305912596401,0.161953727506427,0.264781491002571,0.208226221079691,0.347043701799486
"46",0.300771208226221,0.177377892030848,0.29305912596401,0.203084832904884,0.375321336760925
"47",0.277634961439589,0.172236503856041,0.277634961439589,0.197943444730077,0.347043701799486
"48",0.282776349614396,0.169665809768638,0.277634961439589,0.185089974293059,0.339331619537275
"49",0.264781491002571,0.154241645244216,0.282776349614396,0.195372750642674,0.334190231362468
"50",0.318766066838046,0.244215938303342,0.313624678663239,0.236503856041131,0.380462724935733
"51",0.241645244215938,0.187660668380463,0.233933161953727,0.239074550128535,0.344473007712082
"52",0.287917737789203,0.177377892030848,0.267352185089974,0.179948586118252,0.365038560411311
"53",0.29305912596401,0.19280205655527,0.287917737789203,0.210796915167095,0.354755784061697
"54",0.290488431876607,0.200514138817481,0.300771208226221,0.210796915167095,0.349614395886889
"55",0.318766066838046,0.174807197943445,0.323907455012853,0.215938303341902,0.367609254498715
"56",0.300771208226221,0.208226221079691,0.295629820051414,0.215938303341902,0.362467866323907
"57",0.267352185089974,0.182519280205656,0.269922879177378,0.226221079691517,0.339331619537275
"58",0.344473007712082,0.203084832904884,0.313624678663239,0.236503856041131,0.339331619537275
"59",0.287917737789203,0.167095115681234,0.277634961439589,0.203084832904884,0.388174807197943
"60",0.316195372750643,0.215938303341902,0.303341902313625,0.215938303341902,0.352185089974293
"61",0.326478149100257,0.215938303341902,0.303341902313625,0.244215938303342,0.380462724935733
"62",0.241645244215938,0.167095115681234,0.249357326478149,0.179948586118252,0.300771208226221
"63",0.29305912596401,0.187660668380463,0.298200514138817,0.185089974293059,0.352185089974293
"64",0.275064267352185,0.187660668380463,0.280205655526992,0.195372750642674,0.331619537275064
"65",0.275064267352185,0.19280205655527,0.269922879177378,0.210796915167095,0.3573264781491
"66",0.295629820051414,0.174807197943445,0.282776349614396,0.203084832904884,0.367609254498715
"67",0.280205655526992,0.161953727506427,0.264781491002571,0.221079691516709,0.362467866323907
"68",0.29305912596401,0.169665809768638,0.277634961439589,0.197943444730077,0.336760925449871
"69",0.282776349614396,0.200514138817481,0.275064267352185,0.205655526992288,0.398457583547558
"70",0.280205655526992,0.187660668380463,0.267352185089974,0.200514138817481,0.32133676092545
"71",0.277634961439589,0.161953727506427,0.25706940874036,0.19280205655527,0.313624678663239
"72",0.267352185089974,0.19280205655527,0.254498714652956,0.187660668380463,0.341902313624679
"73",0.275064267352185,0.174807197943445,0.267352185089974,0.215938303341902,0.367609254498715
"74",0.295629820051414,0.182519280205656,0.298200514138817,0.208226221079691,0.344473007712082
"75",0.295629820051414,0.213367609254499,0.2853470437018,0.239074550128535,0.354755784061697
"76",0.323907455012853,0.223650385604113,0.316195372750643,0.241645244215938,0.377892030848329
"77",0.277634961439589,0.177377892030848,0.259640102827764,0.203084832904884,0.336760925449871
"78",0.287917737789203,0.174807197943445,0.280205655526992,0.210796915167095,0.336760925449871
"79",0.326478149100257,0.213367609254499,0.32133676092545,0.221079691516709,0.375321336760925
"80",0.275064267352185,0.149100257069409,0.269922879177378,0.197943444730077,0.354755784061697
"81",0.316195372750643,0.179948586118252,0.298200514138817,0.187660668380463,0.377892030848329
"82",0.29305912596401,0.195372750642674,0.287917737789203,0.210796915167095,0.362467866323907
"83",0.290488431876607,0.169665809768638,0.29305912596401,0.185089974293059,0.331619537275064
"84",0.300771208226221,0.213367609254499,0.280205655526992,0.223650385604113,0.390745501285347
"85",0.326478149100257,0.185089974293059,0.305912596401028,0.208226221079691,0.380462724935733
"86",0.259640102827764,0.179948586118252,0.269922879177378,0.226221079691517,0.354755784061697
"87",0.236503856041131,0.182519280205656,0.239074550128535,0.195372750642674,0.316195372750643
"88",0.246786632390745,0.187660668380463,0.236503856041131,0.197943444730077,0.326478149100257
"89",0.249357326478149,0.182519280205656,0.249357326478149,0.190231362467866,0.331619537275064
"90",0.277634961439589,0.221079691516709,0.264781491002571,0.239074550128535,0.326478149100257
"91",0.254498714652956,0.159383033419023,0.241645244215938,0.195372750642674,0.305912596401028
"92",0.303341902313625,0.19280205655527,0.290488431876607,0.195372750642674,0.3573264781491
"93",0.275064267352185,0.187660668380463,0.272493573264782,0.205655526992288,0.367609254498715
"94",0.287917737789203,0.226221079691517,0.282776349614396,0.218508997429306,0.334190231362468
"95",0.269922879177378,0.203084832904884,0.25706940874036,0.185089974293059,0.32133676092545
"96",0.287917737789203,0.200514138817481,0.275064267352185,0.208226221079691,0.38560411311054
"97",0.277634961439589,0.167095115681234,0.264781491002571,0.187660668380463,0.329048843187661
"98",0.272493573264782,0.172236503856041,0.267352185089974,0.203084832904884,0.316195372750643
"99",0.318766066838046,0.223650385604113,0.326478149100257,0.25706940874036,0.403598971722365
"100",0.316195372750643,0.200514138817481,0.303341902313625,0.239074550128535,0.362467866323907
